2.720 2.465 2.383 2.666 2.670 2.689 2.588 2.898 2.212 2.554 2.841 2.258 2.574 2.333 1.022 0.886 0.998 0.900 1.038 2.890 2.318 0.160 2.822 0.233 0.076 2.493 2.581 2.500 0.318 1.916 2.423 2.841 2.413 2.378 2.387 2.427 2.413 2.772 2.281 2.343 2.320 2.731 2.744 2.765 2.380
3.326 2.830 3.062 3.357 2.129 2.905 2.518 1.018 1.964 2.189 0.824 1.012 2.338 1.139 0.929 0.959 0.816 0.893 0.785 2.195 2.529 1.738 0.514 2.248 2.185 0.114 0.160 0.437 1.170 0.208 2.470 0.556 2.361 2.388 2.379 2.332 2.314 0.818 2.075 1.208 1.999 0.772 0.888 0.754 0.378
2.551 2.879 2.520 2.366 2.677 2.121 2.126 2.899 3.077 1.866 2.877 2.445 1.953 2.206 2.590 2.643 2.570 2.630 2.563 1.424 2.268 2.579 2.355 2.511 2.796 2.199 2.013 1.630 2.811 2.613 0.308 1.859 1.033 1.038 1.046 1.044 1.027 2.040 2.391 1.685 2.314 1.888 1.959 1.821 1.941
2.353 2.261 2.763 2.400 2.865 2.528 2.551 2.548 1.909 2.319 2.553 2.216 2.403 1.925 2.570 2.663 2.466 2.638 2.483 1.928 2.464 2.823 1.855 2.893 3.024 1.598 1.444 2.140 2.733 1.864 1.123 1.033 0.359 0.379 0.367 0.342 0.337 1.362 1.935 1.445 1.627 0.975 1.146 0.997 0.909
3.061 3.049 2.994 3.007 2.740 2.464 2.414 2.325 2.815 2.075 2.223 2.200 2.132 1.968 2.401 2.465 2.316 2.415 2.290 1.318 2.216 2.608 1.502 2.821 2.954 1.339 1.189 1.168 2.574 1.822 0.622 0.971 1.062 1.088 1.086 1.052 1.033 1.166 1.914 1.289 1.762 1.015 1.089 0.956 1.079
3.064 2.916 2.516 3.028 2.900 2.365 2.490 2.684 3.272 2.232 2.539 2.668 2.192 2.421 2.763 2.763 2.673 2.725 2.677 0.814 2.028 2.388 1.800 2.699 2.618 1.768 1.620 1.390 2.511 2.360 0.270 1.282 1.371 1.398 1.404 1.374 1.355 1.339 1.873 1.573 1.796 1.288 1.292 1.206 1.556
2.478 2.434 2.516 2.503 3.026 2.334 2.511 2.958 2.659 2.289 2.942 2.689 2.290 2.327 2.979 3.029 2.875 3.010 2.911 1.308 2.193 2.712 2.127 2.880 2.897 2.039 1.828 2.169 2.857 2.514 0.403 1.314 0.582 0.604 0.602 0.580 0.571 1.489 1.862 1.688 1.634 1.214 1.306 1.192 1.413
3.006 3.214 2.572 2.694 2.461 2.349 2.153 2.499 3.029 1.893 2.322 2.249 2.025 2.251 1.958 1.984 2.013 1.947 1.916 1.603 2.489 2.182 2.236 1.957 2.378 1.881 1.904 0.850 2.320 2.098 0.842 2.051 1.630 1.626 1.640 1.647 1.622 2.283 2.783 1.257 2.837 2.282 2.324 2.184 2.055
2.969 3.247 2.621 2.663 2.405 2.273 2.077 2.468 3.088 1.804 2.321 2.180 1.936 2.158 1.960 1.992 2.008 1.959 1.922 1.593 2.415 2.210 2.180 2.016 2.433 1.873 1.857 0.859 2.351 2.120 0.789 2.020 1.654 1.650 1.664 1.669 1.644 2.226 2.716 1.338 2.770 2.228 2.267 2.130 2.044
3.046 3.296 2.717 2.766 2.451 2.313 2.118 2.444 3.129 1.818 2.302 2.140 1.947 2.092 1.958 1.992 1.983 1.955 1.908 1.558 2.394 2.206 2.059 2.095 2.471 1.764 1.719 0.832 2.320 2.050 0.739 1.871 1.637 1.638 1.649 1.649 1.623 2.072 2.628 1.347 2.663 2.061 2.106 1.964 1.902
3.206 2.766 2.361 3.198 2.350 2.406 2.422 1.577 2.722 2.253 1.283 2.292 2.179 2.288 2.489 2.497 2.451 2.426 2.363 0.638 1.960 2.641 0.981 2.898 2.804 0.982 1.055 0.567 2.449 1.543 1.158 0.808 1.960 1.998 2.002 1.951 1.936 0.870 1.732 1.015 1.741 1.011 0.955 0.914 1.212
3.288 2.779 2.359 3.233 2.522 2.599 2.575 1.744 2.640 2.386 1.405 2.377 2.357 2.397 2.441 2.453 2.416 2.378 2.309 0.771 2.242 2.635 1.171 2.802 2.794 0.997 1.121 0.525 2.448 1.503 1.148 0.883 1.754 1.789 1.795 1.749 1.731 1.067 2.027 0.826 2.014 1.146 1.133 1.050 1.189
2.861 1.709 1.761 2.811 2.564 3.289 3.109 1.428 0.880 3.106 0.921 2.292 3.206 2.632 1.900 1.922 1.954 1.830 1.746 1.898 3.311 2.556 1.542 2.338 2.496 0.718 1.265 0.719 2.092 0.649 2.796 1.100 1.430 1.449 1.454 1.423 1.417 1.750 2.944 0.102 2.847 1.635 1.775 1.614 0.910
2.158 1.233 1.438 2.079 2.428 3.026 2.898 1.667 0.407 3.018 1.258 2.439 3.135 2.768 2.105 2.153 2.218 2.085 2.004 2.278 3.367 2.795 2.136 2.252 2.584 1.309 1.879 1.360 2.461 1.063 2.976 1.630 1.033 1.037 1.041 1.032 1.036 2.321 3.124 0.245 3.003 2.126 2.287 2.139 1.341
1.408 0.598 0.819 1.406 2.096 2.555 2.574 1.646 0.268 2.841 1.354 2.504 2.902 2.814 2.379 2.419 2.505 2.381 2.336 2.253 3.088 2.858 2.391 2.338 2.557 1.793 2.317 1.930 2.655 1.560 3.105 2.031 1.303 1.305 1.309 1.308 1.324 2.590 3.018 0.777 2.940 2.448 2.565 2.477 1.851
2.978 1.939 1.908 2.872 2.555 3.302 3.050 1.478 1.080 2.984 0.981 2.158 3.130 2.500 1.722 1.750 1.776 1.659 1.572 1.989 3.388 2.464 1.567 2.250 2.480 0.685 1.198 0.545 2.015 0.620 2.673 1.165 1.496 1.512 1.518 1.491 1.481 1.840 3.108 0.126 3.028 1.720 1.878 1.688 0.931
2.942 1.837 1.661 2.843 2.577 3.226 3.058 1.546 1.204 3.043 1.017 2.399 3.139 2.741 1.976 1.986 2.042 1.896 1.832 1.695 3.289 2.530 1.650 2.307 2.476 0.842 1.379 0.578 2.143 0.852 2.531 1.250 1.570 1.589 1.598 1.571 1.562 1.876 3.068 0.139 3.020 1.812 1.931 1.767 1.129
2.834 1.872 1.577 2.690 2.455 3.061 2.899 1.580 1.297 2.914 1.068 2.447 3.002 2.804 2.030 2.040 2.130 1.956 1.909 1.653 3.198 2.575 1.794 2.231 2.469 1.048 1.586 0.589 2.259 1.047 2.467 1.477 1.632 1.644 1.657 1.637 1.628 2.058 3.107 0.191 3.103 2.042 2.133 1.986 1.398
2.817 2.019 1.543 2.616 2.454 2.915 2.777 1.795 1.596 2.792 1.303 2.576 2.871 2.906 2.142 2.145 2.263 2.070 2.044 1.529 3.096 2.565 2.015 2.144 2.429 1.331 1.834 0.632 2.365 1.364 2.176 1.727 1.650 1.657 1.674 1.662 1.652 2.250 3.149 0.307 3.186 2.270 2.335 2.198 1.700
2.833 2.050 1.615 2.623 2.407 2.946 2.763 1.723 1.514 2.771 1.235 2.467 2.869 2.822 1.992 1.999 2.117 1.922 1.893 1.670 3.139 2.500 1.983 2.062 2.377 1.264 1.779 0.586 2.269 1.240 2.314 1.733 1.687 1.692 1.707 1.697 1.687 2.272 3.187 0.285 3.225 2.286 2.361 2.220 1.656
1.858 2.372 2.735 2.095 1.617 1.204 1.409 1.443 2.564 1.299 1.698 1.706 1.132 1.334 2.750 2.828 2.625 2.826 2.714 1.094 0.751 2.868 0.817 3.356 3.135 1.604 1.193 2.063 2.843 2.191 1.110 0.852 1.808 1.846 1.826 1.779 1.784 0.447 0.380 2.473 0.285 0.521 0.406 0.515 1.362
1.851 2.662 2.628 1.890 2.054 1.157 1.447 2.611 2.993 1.408 2.863 2.506 1.225 2.102 2.952 2.978 2.920 2.999 2.980 1.221 0.817 2.448 2.125 2.474 2.473 2.820 2.459 2.690 2.835 3.153 0.567 2.009 1.413 1.416 1.411 1.411 1.410 1.553 0.767 2.610 0.733 1.609 1.459 1.593 2.392
2.761 3.400 3.719 2.733 1.750 1.871 1.628 1.597 2.388 1.395 1.757 1.255 1.397 1.129 1.216 1.254 1.173 1.239 1.175 2.395 1.292 1.611 1.184 1.697 1.852 1.466 1.251 1.585 1.497 1.335 1.981 1.460 2.040 2.033 2.019 2.014 1.999 1.169 0.975 2.057 0.949 1.224 1.162 1.237 1.388
2.708 3.182 3.440 2.763 1.616 1.733 1.605 1.295 2.390 1.442 1.412 1.392 1.351 1.271 1.584 1.612 1.534 1.589 1.530 1.875 1.019 1.895 0.857 2.082 2.074 1.333 1.142 1.475 1.736 1.378 1.957 1.187 2.234 2.242 2.228 2.205 2.194 0.800 0.646 2.008 0.647 0.959 0.831 0.956 1.348
2.786 3.107 3.408 2.856 2.087 1.965 1.929 1.833 2.424 1.760 1.926 1.775 1.657 1.575 1.868 1.881 1.794 1.863 1.812 1.812 1.194 1.888 1.198 2.052 1.996 1.579 1.379 1.857 1.793 1.629 1.661 1.217 1.754 1.762 1.749 1.728 1.718 0.894 0.700 1.978 0.625 0.937 0.845 0.946 1.319
3.291 2.553 2.401 3.205 2.130 3.030 2.652 1.083 1.761 2.468 0.706 1.468 2.611 1.802 1.020 1.016 1.020 0.939 0.890 2.066 2.869 1.747 1.012 1.913 1.979 0.402 0.723 0.193 1.259 0.367 2.719 1.106 2.519 2.536 2.539 2.509 2.491 1.488 2.691 0.763 2.725 1.542 1.629 1.494 0.938
3.736 2.717 2.686 3.663 2.987 3.604 3.288 1.889 1.843 3.011 1.441 2.002 3.170 2.210 1.211 1.188 1.155 1.099 1.038 2.133 3.273 1.538 1.435 1.767 1.795 0.545 0.868 0.528 1.132 0.482 2.251 1.010 1.756 1.772 1.777 1.748 1.723 1.554 2.834 0.529 2.728 1.398 1.566 1.365 0.660
3.553 2.520 2.500 3.461 2.842 3.551 3.226 1.709 1.570 3.003 1.235 2.000 3.171 2.267 1.274 1.269 1.255 1.176 1.102 2.151 3.351 1.786 1.440 1.876 1.990 0.516 0.915 0.453 1.347 0.426 2.449 1.038 1.699 1.715 1.719 1.692 1.670 1.642 2.955 0.349 2.859 1.497 1.668 1.465 0.697
3.602 2.522 2.483 3.525 2.902 3.572 3.275 1.749 1.628 3.055 1.263 2.073 3.204 2.326 1.353 1.342 1.326 1.247 1.178 2.046 3.320 1.788 1.421 1.912 1.981 0.519 0.913 0.469 1.353 0.464 2.377 0.991 1.692 1.709 1.714 1.684 1.663 1.578 2.897 0.351 2.796 1.439 1.602 1.404 0.680
3.483 2.398 2.388 3.405 2.795 3.541 3.228 1.627 1.473 3.032 1.142 2.001 3.192 2.289 1.309 1.305 1.295 1.211 1.138 2.125 3.359 1.843 1.406 1.926 2.022 0.487 0.909 0.453 1.382 0.400 2.546 1.018 1.735 1.751 1.756 1.726 1.707 1.630 2.962 0.325 2.869 1.495 1.663 1.464 0.694
