0.080 -0.080 -0.062 -0.064 -0.036 0.140 -0.099 -0.061 0.075 -0.035 0.013 -0.117 -0.089 -0.024 -0.205 -0.088 0.038 0.128 0.091 -0.152 0.122 0.090 0.171 -0.064 -0.002 -0.002 -0.021 0.071 0.096 0.190
0.054 0.076 0.046 0.063 0.054 -0.071 -0.033 -0.137 0.042 0.114 -0.066 0.119 0.006 -0.002 0.043 0.001 0.015 0.019 0.035 0.150 0.063 -0.129 0.051 -0.032 0.146 0.018 -0.078 0.010 0.097 -0.046
0.056 0.024 0.156 0.121 0.126 -0.021 -0.119 0.022 0.043 0.170 -0.119 -0.037 0.180 -0.120 -0.073 0.142 -0.064 -0.112 -0.061 0.048 0.048 0.038 -0.038 0.036 0.103 0.130 -0.024 -0.058 -0.093 -0.079
0.074 -0.056 0.121 0.150 -0.011 -0.095 -0.073 -0.096 0.054 0.073 -0.072 -0.049 0.119 -0.046 -0.052 0.055 -0.057 -0.090 0.007 -0.017 -0.035 0.018 -0.091 0.070 0.022 -0.010 0.054 -0.033 -0.127 -0.065
0.110 -0.005 0.213 0.129 0.110 -0.047 -0.118 -0.065 0.058 0.142 -0.176 0.051 0.166 -0.092 -0.040 0.111 -0.046 -0.114 -0.011 0.106 0.065 -0.011 -0.014 0.027 0.133 0.103 -0.002 -0.021 -0.057 -0.096
0.100 -0.012 0.227 0.098 0.143 -0.024 -0.125 -0.025 0.076 0.080 -0.127 0.058 0.164 -0.103 -0.083 0.103 0.035 -0.084 -0.024 0.107 0.092 0.053 0.012 -0.037 0.121 0.133 0.002 0.000 -0.071 -0.104
0.066 -0.037 0.181 0.145 0.057 -0.063 -0.123 -0.055 0.066 0.067 -0.092 -0.031 0.165 -0.091 -0.084 0.080 -0.026 -0.090 0.005 -0.007 0.026 0.034 -0.086 0.013 0.042 0.078 0.059 -0.039 -0.161 -0.093
0.055 0.057 0.155 0.084 0.177 0.046 -0.075 0.053 0.028 0.214 -0.151 0.039 0.161 -0.112 -0.012 0.127 -0.047 -0.134 -0.065 0.132 0.125 0.038 0.044 0.062 0.146 0.150 -0.115 -0.019 0.026 -0.032
0.054 0.063 0.156 0.084 0.179 0.035 -0.078 0.050 0.024 0.216 -0.150 0.035 0.166 -0.116 -0.012 0.134 -0.058 -0.130 -0.069 0.130 0.117 0.025 0.036 0.052 0.148 0.156 -0.105 -0.022 0.023 -0.037
0.068 0.063 0.164 0.091 0.185 0.025 -0.087 0.031 0.029 0.214 -0.157 0.038 0.173 -0.116 -0.017 0.130 -0.062 -0.127 -0.066 0.134 0.114 0.014 0.036 0.038 0.158 0.159 -0.096 -0.020 0.019 -0.043
0.085 0.014 0.231 0.102 0.141 -0.042 -0.037 -0.008 0.068 0.071 -0.149 0.206 0.122 -0.023 0.048 0.063 0.084 -0.108 -0.013 0.231 0.041 -0.004 0.061 -0.000 0.128 0.080 -0.029 0.058 0.045 -0.129
0.088 0.017 0.224 0.114 0.146 -0.025 -0.038 0.001 0.071 0.106 -0.156 0.187 0.135 -0.032 0.046 0.060 0.077 -0.122 -0.020 0.231 0.066 0.010 0.059 0.031 0.137 0.084 -0.061 0.042 0.037 -0.123
0.023 0.017 0.041 0.094 0.014 0.035 0.089 0.051 0.049 0.131 -0.066 0.132 0.023 0.087 0.169 -0.064 0.107 -0.103 0.023 0.160 0.101 0.043 0.068 0.154 0.054 -0.077 -0.122 -0.017 0.043 -0.074
-0.010 -0.005 -0.010 0.084 -0.062 0.051 0.131 0.094 0.003 0.114 -0.041 0.058 0.007 0.110 0.181 -0.078 0.070 -0.124 0.011 0.094 0.061 0.075 0.022 0.225 -0.012 -0.118 -0.092 -0.047 -0.004 -0.036
-0.081 0.040 -0.093 0.032 -0.116 0.068 0.174 0.143 -0.013 0.050 0.040 0.028 -0.059 0.139 0.209 -0.106 0.057 -0.071 -0.003 0.045 0.025 0.050 -0.044 0.226 -0.060 -0.149 -0.042 -0.109 -0.047 -0.046
0.026 0.039 0.048 0.096 0.043 0.041 0.086 0.036 0.037 0.158 -0.076 0.126 0.034 0.067 0.164 -0.057 0.085 -0.100 0.011 0.165 0.123 0.022 0.068 0.153 0.081 -0.048 -0.143 -0.042 0.046 -0.066
0.020 0.040 0.066 0.090 0.055 0.045 0.088 0.075 0.044 0.135 -0.073 0.147 0.049 0.063 0.165 -0.059 0.110 -0.098 0.002 0.181 0.116 0.047 0.074 0.145 0.076 -0.039 -0.146 -0.028 0.043 -0.083
0.014 0.049 0.065 0.076 0.064 0.053 0.095 0.108 0.032 0.135 -0.079 0.142 0.059 0.058 0.163 -0.032 0.101 -0.105 -0.020 0.183 0.112 0.062 0.086 0.154 0.081 -0.023 -0.156 -0.024 0.055 -0.076
0.018 0.054 0.087 0.067 0.094 0.062 0.081 0.128 0.031 0.139 -0.086 0.129 0.080 0.034 0.142 -0.004 0.095 -0.113 -0.042 0.180 0.119 0.084 0.098 0.155 0.086 0.010 -0.162 -0.016 0.055 -0.072
0.016 0.056 0.073 0.062 0.090 0.067 0.084 0.115 0.023 0.147 -0.085 0.125 0.071 0.036 0.148 -0.007 0.087 -0.109 -0.042 0.177 0.120 0.077 0.102 0.159 0.088 0.003 -0.172 -0.016 0.067 -0.062
0.039 -0.065 0.145 0.045 -0.000 -0.147 -0.054 -0.103 -0.024 -0.031 -0.092 0.107 0.089 -0.032 0.005 0.082 -0.062 -0.048 0.012 0.022 -0.118 -0.108 -0.091 -0.081 0.018 0.028 0.224 0.049 -0.062 -0.068
0.089 -0.119 0.136 0.020 0.023 -0.052 -0.112 -0.059 -0.007 -0.057 -0.101 0.018 0.096 -0.099 -0.092 0.133 -0.044 -0.080 -0.025 -0.086 -0.033 0.044 -0.041 -0.047 -0.036 0.052 0.206 0.109 -0.073 0.036
0.149 -0.083 0.090 0.014 0.032 -0.034 -0.071 -0.193 0.002 -0.001 -0.163 0.028 0.031 -0.051 -0.059 0.088 -0.057 -0.028 0.023 -0.057 0.032 -0.042 0.113 -0.045 0.056 0.045 0.156 0.162 0.121 0.114
0.160 -0.071 0.124 0.010 0.030 -0.064 -0.050 -0.166 0.013 -0.037 -0.161 0.104 0.046 -0.032 -0.029 0.083 -0.014 -0.041 0.034 0.011 -0.008 -0.035 0.102 -0.049 0.056 0.031 0.169 0.185 0.127 0.071
0.175 -0.116 0.155 0.049 0.017 -0.051 -0.060 -0.199 0.041 -0.065 -0.150 0.069 0.064 -0.041 -0.073 0.078 0.010 -0.047 0.054 -0.038 -0.012 0.014 0.104 -0.062 0.022 0.026 0.159 0.208 0.091 0.082
0.028 0.094 0.012 0.006 0.086 0.025 0.024 -0.034 0.038 0.137 -0.083 0.153 -0.002 0.023 0.108 -0.034 0.058 -0.036 0.003 0.177 0.126 -0.079 0.108 0.021 0.125 0.023 -0.156 -0.014 0.133 -0.046
0.084 0.028 0.067 0.078 0.074 0.059 -0.045 -0.091 0.095 0.158 -0.127 0.093 0.021 -0.004 0.010 -0.050 0.070 -0.054 0.055 0.112 0.182 -0.014 0.107 0.050 0.134 0.017 -0.114 -0.013 0.073 -0.014
0.068 0.033 0.058 0.081 0.069 0.060 -0.015 -0.057 0.072 0.166 -0.116 0.104 0.020 0.017 0.069 -0.054 0.074 -0.070 0.042 0.126 0.169 -0.014 0.101 0.092 0.112 0.000 -0.128 -0.030 0.078 -0.026
0.078 0.027 0.067 0.086 0.066 0.052 -0.018 -0.058 0.084 0.160 -0.115 0.113 0.023 0.018 0.059 -0.053 0.082 -0.072 0.045 0.134 0.171 -0.002 0.107 0.083 0.118 -0.004 -0.121 -0.019 0.072 -0.026
0.059 0.033 0.047 0.081 0.063 0.053 -0.002 -0.046 0.071 0.164 -0.102 0.113 0.011 0.034 0.079 -0.054 0.081 -0.066 0.042 0.134 0.163 -0.015 0.096 0.092 0.107 -0.015 -0.131 -0.029 0.076 -0.038
0.042 0.078 0.044 0.027 0.074 0.014 0.039 -0.013 0.055 0.120 -0.097 0.186 0.006 0.047 0.129 -0.028 0.075 -0.059 0.007 0.202 0.102 -0.050 0.095 0.058 0.119 0.008 -0.134 -0.011 0.120 -0.077
0.048 0.071 0.055 0.032 0.069 -0.007 0.038 -0.020 0.070 0.106 -0.096 0.201 0.005 0.051 0.132 -0.034 0.093 -0.065 0.016 0.217 0.094 -0.051 0.088 0.044 0.105 -0.009 -0.116 -0.004 0.105 -0.095
0.046 0.062 0.042 0.043 0.072 0.034 0.031 -0.012 0.077 0.117 -0.091 0.181 0.002 0.046 0.126 -0.059 0.103 -0.071 0.016 0.201 0.139 -0.035 0.098 0.055 0.103 -0.001 -0.128 -0.016 0.097 -0.073
0.026 0.096 0.041 0.002 0.081 0.004 0.053 0.021 0.032 0.106 -0.089 0.210 0.008 0.051 0.160 -0.011 0.080 -0.056 -0.014 0.230 0.072 -0.067 0.091 0.042 0.105 0.008 -0.128 -0.009 0.119 -0.092
0.050 0.073 0.053 0.044 0.081 0.036 0.017 -0.010 0.074 0.141 -0.108 0.173 0.017 0.025 0.112 -0.042 0.085 -0.080 0.006 0.200 0.144 -0.038 0.102 0.057 0.116 0.012 -0.139 -0.020 0.102 -0.066
0.039 0.082 0.065 0.038 0.073 -0.006 0.041 0.011 0.068 0.104 -0.085 0.207 0.018 0.049 0.146 -0.040 0.103 -0.068 -0.002 0.227 0.099 -0.053 0.083 0.045 0.102 -0.007 -0.119 -0.010 0.090 -0.102
0.048 0.088 0.067 0.035 0.092 -0.003 0.012 -0.029 0.071 0.123 -0.098 0.197 0.029 0.022 0.115 -0.023 0.090 -0.066 0.001 0.225 0.112 -0.069 0.097 0.024 0.123 0.020 -0.127 -0.007 0.102 -0.084
0.045 0.050 0.037 0.047 0.061 0.011 -0.002 -0.088 0.078 0.125 -0.083 0.143 -0.011 0.030 0.094 -0.042 0.061 -0.038 0.038 0.172 0.123 -0.089 0.090 0.020 0.119 -0.000 -0.107 -0.016 0.105 -0.047
0.055 0.062 0.095 0.078 0.074 -0.002 0.033 0.001 0.076 0.130 -0.116 0.190 0.056 0.034 0.136 -0.028 0.112 -0.104 0.003 0.227 0.110 -0.021 0.070 0.083 0.104 -0.005 -0.119 -0.013 0.061 -0.097
0.049 0.085 0.087 0.057 0.089 -0.051 0.013 -0.044 0.061 0.135 -0.103 0.202 0.054 0.018 0.129 0.005 0.077 -0.078 -0.003 0.235 0.066 -0.082 0.069 0.030 0.124 0.019 -0.105 -0.006 0.083 -0.099
0.065 0.033 0.084 0.054 0.022 -0.136 -0.023 -0.157 0.049 0.032 -0.069 0.165 0.019 -0.002 0.057 0.024 0.044 -0.017 0.044 0.133 -0.012 -0.150 0.013 -0.080 0.101 0.029 0.026 0.040 0.046 -0.093
0.079 -0.094 0.145 0.044 -0.039 -0.132 -0.014 -0.071 0.014 -0.097 -0.070 0.070 0.091 -0.028 0.004 0.103 0.014 -0.081 0.043 -0.033 -0.127 -0.005 -0.066 -0.032 -0.054 -0.011 0.227 0.082 -0.071 -0.040
0.064 -0.086 0.167 0.151 -0.030 -0.090 0.016 -0.040 0.056 -0.006 -0.059 0.053 0.110 0.014 0.045 0.059 0.059 -0.144 0.045 0.026 -0.054 0.048 -0.045 0.076 -0.035 -0.048 0.106 0.043 -0.105 -0.090
0.072 -0.119 0.101 0.038 -0.074 -0.104 0.015 -0.059 -0.003 -0.115 -0.051 0.046 0.053 -0.004 0.027 0.055 0.006 -0.082 0.039 -0.051 -0.132 -0.009 -0.073 0.005 -0.086 -0.064 0.253 0.063 -0.083 -0.006
0.065 -0.118 0.073 0.036 -0.091 -0.110 0.019 -0.101 -0.003 -0.106 -0.025 0.011 0.025 0.001 0.010 0.037 0.003 -0.054 0.043 -0.076 -0.120 -0.025 -0.085 -0.013 -0.090 -0.073 0.245 0.050 -0.089 0.002
0.037 -0.103 0.033 0.026 -0.114 -0.109 0.041 -0.079 -0.028 -0.103 -0.007 0.017 0.005 0.018 0.047 0.009 0.006 -0.059 0.036 -0.057 -0.139 -0.053 -0.101 0.004 -0.102 -0.092 0.243 0.023 -0.098 0.000
0.079 -0.041 0.161 0.079 0.012 -0.164 -0.044 -0.139 0.062 -0.070 -0.059 0.165 0.057 -0.013 0.009 0.039 0.087 -0.040 0.057 0.086 -0.052 -0.089 -0.047 -0.097 0.032 0.014 0.146 0.066 -0.037 -0.111
0.084 0.004 0.222 0.108 0.098 -0.129 -0.056 -0.059 0.050 0.046 -0.109 0.174 0.140 -0.041 0.030 0.099 0.047 -0.095 -0.021 0.180 -0.018 -0.062 0.000 -0.054 0.099 0.090 0.055 0.042 -0.016 -0.152
0.061 0.069 0.120 0.062 0.160 -0.011 -0.135 -0.057 -0.009 0.242 -0.157 -0.009 0.156 -0.115 -0.026 0.160 -0.147 -0.092 -0.070 0.088 0.079 -0.079 0.017 0.018 0.168 0.173 -0.080 -0.044 0.037 -0.017
-0.027 -0.054 0.084 0.097 -0.091 -0.072 0.012 -0.000 0.045 -0.073 0.041 0.017 0.049 0.010 0.044 -0.030 0.086 -0.026 0.032 -0.041 -0.082 0.032 -0.162 -0.027 -0.077 -0.055 0.146 -0.068 -0.200 -0.125
-0.023 -0.055 0.084 0.093 -0.083 -0.062 0.012 0.015 0.047 -0.087 0.041 0.016 0.060 0.011 0.038 -0.023 0.095 -0.030 0.032 -0.046 -0.078 0.045 -0.156 -0.030 -0.077 -0.050 0.148 -0.060 -0.197 -0.123
-0.022 -0.062 0.089 0.073 -0.055 -0.058 -0.026 0.026 0.048 -0.106 0.041 0.016 0.059 -0.002 0.006 -0.011 0.093 -0.017 0.032 -0.044 -0.066 0.049 -0.152 -0.059 -0.085 -0.026 0.168 -0.035 -0.194 -0.121
-0.055 -0.065 0.036 0.077 -0.087 -0.043 -0.001 0.052 0.047 -0.107 0.084 -0.001 0.019 0.041 0.034 -0.063 0.098 -0.002 0.033 -0.037 -0.062 0.054 -0.165 -0.032 -0.109 -0.067 0.142 -0.056 -0.211 -0.133
-0.056 -0.056 0.027 0.075 -0.085 -0.026 0.003 0.066 0.032 -0.098 0.059 -0.012 0.031 0.042 0.037 -0.056 0.091 -0.015 0.021 -0.042 -0.066 0.069 -0.172 -0.016 -0.105 -0.059 0.126 -0.058 -0.194 -0.113
0.053 -0.060 0.184 0.127 0.033 -0.050 -0.047 0.009 0.118 -0.056 -0.019 0.101 0.084 -0.018 0.004 -0.014 0.161 -0.050 0.040 0.083 0.019 0.066 -0.055 -0.056 -0.022 -0.014 0.087 0.038 -0.110 -0.132
0.042 0.006 0.190 0.108 0.147 0.009 0.008 0.090 0.091 0.049 -0.076 0.172 0.140 -0.020 0.063 0.019 0.145 -0.100 0.003 0.174 0.082 0.077 0.054 0.041 0.055 0.048 -0.070 0.027 -0.005 -0.124
0.041 -0.036 0.175 0.103 0.087 -0.020 -0.012 0.065 0.096 0.013 -0.078 0.111 0.105 -0.028 0.053 0.017 0.146 -0.132 -0.019 0.115 0.008 0.081 -0.027 -0.012 0.018 -0.010 0.050 0.031 -0.088 -0.143
0.013 0.002 0.157 0.112 0.096 0.014 0.030 0.110 0.090 0.026 -0.038 0.148 0.106 0.018 0.085 -0.028 0.169 -0.091 0.011 0.175 0.072 0.095 0.023 0.049 0.023 0.002 -0.072 0.014 -0.047 -0.149
-0.060 0.149 0.017 -0.046 0.109 0.014 0.068 0.172 -0.084 0.112 -0.095 0.092 0.107 0.010 0.175 0.128 -0.039 -0.071 -0.152 0.142 -0.046 -0.031 -0.059 0.041 0.055 0.062 -0.064 -0.124 -0.003 -0.112
-0.112 0.035 -0.038 -0.014 -0.005 0.032 0.114 0.219 -0.042 -0.014 0.069 0.022 0.019 0.056 0.148 -0.025 0.095 -0.037 -0.086 0.047 -0.046 0.106 -0.062 0.067 -0.072 -0.043 -0.018 -0.066 -0.105 -0.109
-0.075 0.045 0.012 0.028 0.050 0.047 0.080 0.219 -0.029 0.069 -0.007 0.045 0.071 0.038 0.146 0.016 0.079 -0.080 -0.096 0.079 -0.005 0.102 -0.041 0.087 -0.017 -0.007 -0.069 -0.070 -0.098 -0.127
-0.066 0.122 -0.047 -0.054 0.097 0.019 0.122 0.173 -0.063 0.027 -0.029 0.173 -0.009 0.053 0.203 0.033 0.056 -0.037 -0.093 0.178 -0.030 -0.044 0.027 0.021 0.057 0.007 -0.091 -0.044 0.105 -0.090
0.003 0.080 0.061 -0.045 0.059 -0.099 0.069 0.068 -0.027 -0.000 -0.053 0.234 0.029 0.042 0.172 0.045 0.042 -0.040 -0.044 0.231 -0.076 -0.119 0.036 -0.007 0.078 0.013 0.001 0.043 0.107 -0.096
0.026 0.083 0.142 0.019 0.148 -0.045 0.026 0.050 0.033 0.081 -0.101 0.225 0.089 -0.013 0.099 0.068 0.083 -0.085 -0.043 0.240 0.043 -0.049 0.091 0.002 0.128 0.085 -0.082 0.057 0.095 -0.097
0.038 0.047 0.188 0.101 0.149 -0.033 -0.004 0.016 0.082 0.084 -0.102 0.229 0.118 -0.028 0.060 0.052 0.116 -0.092 -0.010 0.219 0.085 0.000 0.077 0.013 0.114 0.070 -0.068 0.052 0.046 -0.115
0.048 0.072 0.096 0.039 0.163 0.057 -0.004 0.016 0.048 0.125 -0.127 0.151 0.067 -0.038 0.005 0.058 0.055 -0.076 -0.020 0.149 0.142 0.041 0.163 0.019 0.141 0.118 -0.168 0.072 0.169 0.022
-0.029 -0.027 0.072 0.100 -0.013 0.119 -0.019 0.100 -0.045 0.096 -0.070 0.019 0.065 -0.016 0.106 0.008 0.027 -0.155 -0.026 0.013 0.075 0.019 -0.092 0.118 -0.012 0.024 0.116 -0.033 -0.128 -0.066
0.043 -0.041 0.049 0.123 -0.006 0.063 0.042 0.036 0.030 0.113 -0.057 -0.021 0.070 0.027 -0.005 -0.015 0.071 -0.095 0.021 0.025 0.043 0.184 0.058 0.185 -0.003 -0.046 -0.148 0.045 0.014 0.024
0.067 -0.029 0.124 0.179 0.079 0.009 -0.027 -0.049 0.074 0.177 -0.104 0.029 0.129 -0.027 -0.024 0.021 0.052 -0.105 0.041 0.092 0.090 0.093 0.054 0.120 0.077 0.029 -0.136 0.017 0.005 -0.037
0.074 -0.029 0.163 0.184 0.105 -0.015 -0.068 -0.074 0.093 0.168 -0.111 0.013 0.154 -0.069 -0.071 0.062 0.018 -0.104 0.032 0.061 0.079 0.064 0.023 0.066 0.083 0.073 -0.097 0.006 -0.041 -0.056
0.070 -0.054 0.126 0.199 0.019 -0.062 -0.024 -0.114 0.091 0.082 -0.047 0.013 0.116 -0.007 -0.045 0.003 0.052 -0.084 0.063 0.043 0.012 0.065 -0.008 0.076 0.019 -0.016 -0.042 0.032 -0.073 -0.074
0.056 -0.060 0.133 0.193 0.018 -0.046 -0.029 -0.093 0.080 0.107 -0.055 0.005 0.120 -0.011 -0.036 0.025 0.029 -0.104 0.045 0.036 0.022 0.073 -0.007 0.101 0.014 0.000 -0.053 0.014 -0.074 -0.065
-0.027 0.126 -0.116 -0.084 -0.006 -0.068 0.068 -0.075 -0.058 0.036 -0.025 0.043 -0.070 0.044 0.093 0.046 -0.101 0.048 -0.070 0.095 -0.079 -0.178 0.039 -0.027 0.086 -0.009 -0.098 0.009 0.178 0.050
-0.069 0.060 -0.144 -0.113 -0.085 -0.052 0.088 0.065 -0.160 0.010 0.009 -0.110 -0.034 0.030 0.077 0.105 -0.196 -0.028 -0.115 -0.066 -0.181 -0.052 -0.073 0.104 -0.047 -0.027 0.035 -0.022 0.022 0.074
-0.036 0.093 -0.143 -0.078 -0.038 0.085 0.127 0.033 -0.047 0.056 -0.017 0.021 -0.094 0.069 0.086 -0.014 -0.013 0.010 -0.029 0.046 0.026 -0.029 0.130 0.063 0.018 -0.035 -0.173 0.012 0.191 0.125
-0.028 0.071 -0.105 -0.066 -0.009 0.138 0.125 0.078 -0.046 0.066 -0.034 0.018 -0.062 0.060 0.066 -0.002 0.014 -0.017 -0.034 0.041 0.068 0.051 0.153 0.086 0.014 -0.016 -0.189 0.020 0.181 0.122
-0.013 0.115 -0.106 -0.079 0.020 0.077 0.103 0.027 -0.046 0.085 -0.048 0.045 -0.063 0.035 0.074 0.020 -0.021 -0.009 -0.050 0.083 0.062 -0.038 0.146 0.033 0.060 0.019 -0.191 0.031 0.205 0.110
0.022 -0.007 -0.110 -0.063 -0.027 0.082 -0.028 -0.123 0.045 -0.073 0.060 -0.108 -0.113 -0.016 -0.158 -0.068 0.018 0.133 0.063 -0.137 0.093 0.027 0.143 -0.106 -0.006 -0.003 -0.115 0.083 0.144 0.164
0.034 -0.033 -0.097 -0.053 -0.038 0.074 -0.022 -0.131 0.041 -0.097 0.087 -0.118 -0.114 0.008 -0.164 -0.082 0.034 0.141 0.077 -0.150 0.067 0.048 0.147 -0.098 -0.026 -0.025 -0.103 0.096 0.138 0.159
0.052 -0.033 -0.101 -0.045 -0.040 0.049 -0.018 -0.146 0.052 -0.090 0.071 -0.101 -0.109 -0.002 -0.160 -0.087 0.034 0.136 0.075 -0.139 0.053 0.014 0.134 -0.115 -0.016 -0.014 -0.094 0.095 0.133 0.153
0.046 -0.006 -0.097 -0.037 -0.029 0.034 -0.035 -0.163 0.047 -0.073 0.072 -0.100 -0.101 -0.019 -0.165 -0.071 0.003 0.145 0.056 -0.119 0.048 -0.020 0.117 -0.122 0.011 -0.005 -0.091 0.084 0.134 0.142
0.024 -0.003 -0.108 -0.067 -0.028 0.027 -0.032 -0.160 0.035 -0.112 0.074 -0.092 -0.113 -0.021 -0.162 -0.055 0.009 0.167 0.057 -0.106 0.029 -0.035 0.111 -0.165 0.015 -0.004 -0.080 0.070 0.134 0.137
-0.052 0.137 -0.143 -0.127 0.009 -0.006 0.117 0.025 -0.086 0.036 -0.011 -0.016 -0.059 0.026 0.062 0.065 -0.102 0.010 -0.113 0.057 -0.075 -0.105 0.068 0.000 0.037 0.027 -0.136 0.016 0.181 0.094
-0.028 0.113 -0.162 -0.134 -0.038 0.004 0.132 0.012 -0.087 0.030 -0.024 -0.093 -0.042 0.023 0.011 0.091 -0.136 0.011 -0.115 -0.043 -0.122 -0.040 0.069 0.028 -0.006 -0.002 -0.109 0.039 0.151 0.142
-0.053 0.096 -0.187 -0.139 -0.081 0.019 0.137 0.034 -0.118 -0.015 -0.004 -0.098 -0.079 0.059 0.051 0.057 -0.137 0.008 -0.093 -0.062 -0.125 -0.031 0.019 0.085 -0.046 -0.033 -0.052 0.009 0.120 0.134
-0.026 0.096 -0.128 -0.169 -0.010 -0.028 0.115 -0.007 -0.102 -0.050 0.002 -0.004 -0.058 0.014 0.037 0.070 -0.114 0.047 -0.104 -0.003 -0.136 -0.109 0.066 -0.028 0.014 0.027 -0.053 0.039 0.181 0.125
0.024 -0.006 -0.152 -0.101 -0.051 0.137 0.009 -0.080 0.017 -0.052 0.028 -0.086 -0.118 0.015 -0.117 -0.073 0.011 0.107 0.062 -0.149 0.104 0.057 0.143 -0.045 -0.033 -0.030 -0.104 0.048 0.149 0.190
0.047 -0.054 -0.098 -0.059 -0.048 0.126 0.019 -0.065 0.036 -0.073 0.015 -0.108 -0.081 0.035 -0.141 -0.069 0.017 0.084 0.073 -0.158 0.072 0.125 0.155 -0.006 -0.060 -0.033 -0.121 0.090 0.136 0.186
0.032 -0.001 -0.132 -0.062 -0.018 0.088 -0.015 -0.124 0.051 -0.055 0.052 -0.081 -0.131 -0.006 -0.124 -0.095 0.056 0.131 0.060 -0.107 0.104 0.014 0.155 -0.085 0.018 -0.026 -0.102 0.064 0.151 0.165
0.064 -0.028 -0.090 -0.030 -0.002 0.065 -0.049 -0.157 0.074 -0.058 0.062 -0.105 -0.107 -0.025 -0.159 -0.095 0.032 0.138 0.080 -0.133 0.092 0.023 0.135 -0.098 0.015 -0.023 -0.073 0.074 0.124 0.162
0.027 -0.033 -0.099 -0.062 -0.034 0.079 -0.035 -0.134 0.054 -0.088 0.068 -0.122 -0.110 -0.019 -0.183 -0.080 0.022 0.142 0.071 -0.160 0.087 0.037 0.136 -0.103 -0.013 -0.008 -0.089 0.082 0.124 0.162
0.036 -0.028 -0.088 -0.054 -0.036 0.056 -0.041 -0.153 0.059 -0.084 0.088 -0.118 -0.112 -0.016 -0.182 -0.084 0.030 0.154 0.072 -0.142 0.068 0.022 0.122 -0.125 -0.005 -0.015 -0.094 0.088 0.119 0.140
0.001 -0.008 -0.115 -0.089 -0.026 0.095 -0.004 -0.087 0.020 -0.086 0.061 -0.106 -0.115 0.019 -0.127 -0.068 0.033 0.110 0.059 -0.130 0.079 0.059 0.165 -0.087 -0.019 -0.003 -0.128 0.095 0.166 0.171
-0.055 0.098 -0.114 -0.149 -0.058 -0.074 0.130 0.029 -0.117 -0.061 -0.008 -0.046 -0.049 0.009 0.064 0.101 -0.129 0.003 -0.133 -0.010 -0.195 -0.098 0.002 0.008 -0.035 0.002 0.017 0.031 0.094 0.082
-0.062 0.069 -0.123 -0.164 -0.068 -0.027 0.131 0.063 -0.125 -0.086 0.020 -0.058 -0.050 0.009 0.036 0.081 -0.101 0.012 -0.125 -0.046 -0.184 -0.044 0.002 0.000 -0.071 -0.002 0.027 0.035 0.074 0.092
0.026 -0.025 -0.113 -0.082 -0.056 0.137 0.057 -0.038 0.015 -0.026 -0.001 -0.052 -0.092 0.051 -0.087 -0.041 0.034 0.069 0.044 -0.104 0.059 0.098 0.174 -0.015 -0.017 -0.044 -0.172 0.094 0.182 0.185
0.004 0.053 -0.078 -0.090 0.040 0.082 0.045 0.021 -0.038 0.056 -0.048 -0.107 -0.027 -0.019 -0.084 0.081 -0.081 0.014 -0.065 -0.053 0.028 0.026 0.137 -0.012 0.025 0.061 -0.181 0.062 0.175 0.155
-0.017 0.098 -0.101 -0.102 0.045 0.074 0.061 0.023 -0.050 0.089 -0.056 -0.066 -0.025 -0.012 -0.015 0.090 -0.079 0.002 -0.076 -0.004 0.019 -0.023 0.134 0.005 0.055 0.055 -0.189 0.036 0.194 0.137
0.029 0.038 -0.068 -0.077 0.053 0.121 0.004 -0.010 -0.031 0.072 -0.056 -0.088 -0.030 -0.025 -0.089 0.053 -0.079 0.030 -0.018 -0.078 0.089 0.027 0.167 -0.003 0.053 0.073 -0.173 0.047 0.195 0.169
0.076 -0.044 0.042 -0.026 0.039 0.119 0.036 0.072 -0.012 0.030 -0.085 -0.073 0.035 -0.002 -0.125 0.104 -0.035 -0.063 -0.021 -0.095 -0.010 0.194 0.144 0.084 0.000 0.049 -0.119 0.125 0.128 0.118
0.025 0.017 -0.076 -0.062 -0.006 0.097 0.112 0.025 -0.036 0.025 -0.042 -0.049 -0.027 0.063 -0.024 0.055 -0.057 -0.002 -0.042 -0.061 -0.016 0.103 0.138 0.097 0.004 -0.016 -0.191 0.100 0.183 0.153
-0.115 0.020 -0.039 -0.021 -0.082 -0.086 0.082 0.097 -0.078 -0.055 0.088 -0.078 -0.004 0.001 0.091 0.021 -0.006 -0.007 -0.106 -0.020 -0.171 -0.018 -0.175 -0.006 -0.111 -0.054 0.117 -0.073 -0.182 -0.099
-0.084 0.074 -0.033 -0.104 -0.005 -0.097 0.062 0.148 -0.114 -0.046 0.032 0.004 0.008 -0.019 0.106 0.087 -0.055 -0.018 -0.148 0.028 -0.172 -0.066 -0.113 -0.001 -0.048 0.000 0.118 -0.027 -0.064 -0.049
-0.115 0.085 -0.197 -0.160 -0.088 -0.006 0.173 0.137 -0.160 -0.073 0.066 -0.033 -0.111 0.070 0.167 0.008 -0.086 0.010 -0.092 -0.025 -0.165 -0.078 -0.077 0.084 -0.066 -0.063 0.029 -0.081 0.052 0.071
-0.062 0.120 -0.120 -0.163 -0.002 -0.022 0.114 0.051 -0.130 -0.059 -0.017 0.011 -0.055 0.004 0.097 0.083 -0.115 0.008 -0.108 0.051 -0.133 -0.144 0.021 -0.031 0.008 0.023 -0.000 0.003 0.136 0.063
-0.095 0.038 -0.139 -0.171 -0.088 -0.025 0.112 0.080 -0.129 -0.141 0.055 -0.064 -0.096 0.004 0.046 0.015 -0.034 0.034 -0.125 -0.057 -0.207 -0.053 -0.044 -0.009 -0.102 -0.061 0.120 -0.019 0.002 0.077
-0.096 0.105 -0.128 -0.155 -0.033 -0.039 0.103 0.130 -0.143 -0.022 0.030 -0.025 -0.042 0.016 0.109 0.096 -0.146 -0.018 -0.158 0.014 -0.167 -0.080 -0.055 0.043 -0.030 0.015 0.040 -0.015 0.044 0.042
-0.056 0.106 -0.122 -0.137 -0.009 -0.031 0.048 0.047 -0.145 0.036 -0.018 -0.080 -0.023 -0.027 0.026 0.133 -0.192 -0.013 -0.146 -0.039 -0.131 -0.102 -0.018 0.022 0.009 0.051 -0.008 -0.002 0.091 0.096
-0.068 0.115 -0.114 -0.137 -0.001 -0.048 0.053 0.077 -0.151 0.033 -0.015 -0.046 -0.016 -0.026 0.059 0.136 -0.187 -0.023 -0.156 -0.007 -0.144 -0.119 -0.031 0.028 0.014 0.054 0.011 -0.009 0.082 0.070
-0.065 0.078 -0.084 -0.160 -0.025 -0.057 0.096 0.114 -0.140 -0.076 0.012 0.032 -0.043 0.009 0.109 0.079 -0.088 -0.012 -0.125 0.027 -0.177 -0.090 -0.025 -0.005 -0.049 0.019 0.069 0.019 0.070 0.041
-0.052 0.121 -0.166 -0.027 -0.082 -0.040 0.161 0.019 -0.085 0.100 -0.017 -0.078 -0.027 0.068 0.116 0.047 -0.142 -0.067 -0.089 0.021 -0.118 -0.066 0.006 0.152 -0.015 -0.065 -0.101 -0.013 0.070 0.066
-0.072 0.092 -0.103 -0.141 -0.020 -0.047 0.055 0.092 -0.154 0.011 -0.002 -0.049 -0.015 -0.017 0.064 0.139 -0.186 -0.036 -0.161 -0.020 -0.156 -0.086 -0.059 0.032 -0.015 0.040 0.051 -0.009 0.043 0.066
-0.060 0.103 -0.126 -0.133 -0.022 -0.027 0.059 0.064 -0.147 0.052 -0.014 -0.075 -0.018 -0.020 0.054 0.125 -0.198 -0.034 -0.157 -0.028 -0.128 -0.084 -0.035 0.050 0.015 0.038 -0.017 -0.009 0.080 0.103
-0.065 0.110 -0.068 -0.129 0.056 -0.004 0.063 0.133 -0.144 0.052 -0.016 -0.027 0.024 -0.038 0.058 0.146 -0.159 -0.049 -0.177 0.016 -0.096 -0.060 -0.003 0.032 0.015 0.070 -0.026 -0.010 0.063 0.056
-0.074 0.095 -0.125 -0.128 -0.056 -0.050 0.097 0.095 -0.159 0.030 -0.002 -0.074 -0.023 0.016 0.074 0.125 -0.191 -0.039 -0.156 -0.008 -0.167 -0.062 -0.024 0.074 -0.026 0.002 0.006 -0.009 0.058 0.080
-0.043 0.075 -0.049 -0.135 0.012 -0.074 0.047 0.107 -0.139 -0.036 -0.018 -0.004 0.010 -0.034 0.072 0.136 -0.132 -0.045 -0.152 0.026 -0.167 -0.080 -0.046 -0.002 -0.017 0.051 0.099 0.017 0.027 0.029
-0.047 0.084 -0.051 -0.139 0.013 -0.075 0.054 0.108 -0.137 -0.036 -0.019 0.010 0.005 -0.031 0.083 0.134 -0.127 -0.045 -0.153 0.039 -0.169 -0.088 -0.042 -0.002 -0.010 0.050 0.090 0.019 0.040 0.027
-0.034 0.075 -0.037 -0.129 0.020 -0.075 0.031 0.084 -0.138 -0.027 -0.032 -0.002 0.015 -0.044 0.058 0.149 -0.144 -0.048 -0.147 0.019 -0.166 -0.093 -0.042 -0.009 -0.007 0.067 0.093 0.026 0.042 0.037
-0.042 0.107 -0.051 -0.148 0.050 -0.046 0.007 0.061 -0.135 -0.007 -0.034 0.001 0.015 -0.050 0.048 0.146 -0.166 -0.022 -0.145 0.010 -0.136 -0.124 -0.026 -0.038 0.025 0.085 0.057 0.009 0.081 0.050
-0.043 0.103 -0.056 -0.162 0.037 -0.053 0.005 0.047 -0.143 -0.011 -0.047 -0.005 -0.000 -0.055 0.039 0.149 -0.168 -0.010 -0.113 -0.006 -0.131 -0.133 -0.005 -0.029 0.036 0.085 0.044 0.010 0.095 0.061
-0.046 0.079 -0.071 -0.160 0.010 -0.050 0.021 0.063 -0.135 -0.049 -0.014 -0.013 -0.013 -0.032 0.039 0.128 -0.149 -0.004 -0.119 -0.017 -0.162 -0.112 -0.034 -0.033 -0.009 0.059 0.091 0.023 0.072 0.071
-0.035 0.088 -0.060 -0.151 0.034 -0.041 0.025 0.085 -0.136 -0.030 -0.033 -0.000 0.006 -0.039 0.046 0.135 -0.146 -0.026 -0.135 0.001 -0.144 -0.103 -0.013 -0.018 0.004 0.072 0.067 0.033 0.087 0.069
-0.089 0.077 -0.032 -0.046 0.023 0.042 0.159 0.200 -0.017 -0.004 0.052 0.072 -0.010 0.074 0.153 -0.038 0.113 -0.041 -0.080 0.126 -0.015 0.080 0.054 0.082 -0.019 -0.026 -0.113 -0.032 0.034 -0.062
-0.072 0.054 -0.020 -0.010 0.028 0.069 0.135 0.198 -0.011 0.017 0.045 0.062 0.001 0.053 0.148 -0.048 0.140 -0.055 -0.069 0.122 0.022 0.125 0.056 0.097 -0.016 -0.031 -0.117 -0.025 0.007 -0.065
-0.096 0.061 -0.038 -0.029 0.014 0.062 0.129 0.187 -0.015 -0.014 0.055 0.116 -0.035 0.095 0.186 -0.100 0.157 -0.020 -0.034 0.136 0.012 0.070 0.042 0.074 -0.028 -0.038 -0.084 -0.053 0.029 -0.086
-0.127 0.101 -0.112 0.025 -0.077 0.022 0.199 0.180 -0.017 -0.018 0.072 0.057 -0.025 0.119 0.227 -0.111 0.108 -0.006 -0.046 0.087 -0.045 0.034 -0.033 0.102 -0.048 -0.110 -0.062 -0.115 -0.017 -0.089
-0.074 0.134 -0.150 -0.044 -0.021 0.053 0.178 0.056 -0.043 0.067 -0.013 0.048 -0.051 0.102 0.153 -0.041 0.043 -0.009 -0.058 0.071 -0.004 0.000 0.059 0.125 0.026 -0.054 -0.191 -0.048 0.115 0.029
-0.064 0.097 -0.080 -0.147 -0.013 -0.064 0.087 0.119 -0.155 -0.019 -0.008 0.000 -0.012 -0.009 0.108 0.122 -0.137 -0.045 -0.160 0.048 -0.166 -0.080 -0.032 0.027 -0.023 0.030 0.059 0.001 0.048 0.030
-0.067 0.096 -0.097 -0.147 -0.031 -0.062 0.099 0.123 -0.155 -0.017 -0.002 0.002 -0.026 0.005 0.121 0.114 -0.135 -0.044 -0.158 0.048 -0.172 -0.085 -0.034 0.045 -0.023 0.015 0.051 0.001 0.059 0.041
-0.036 0.093 -0.044 -0.131 0.034 -0.074 0.024 0.067 -0.142 -0.000 -0.038 -0.020 0.035 -0.056 0.045 0.163 -0.172 -0.030 -0.154 0.011 -0.152 -0.107 -0.041 -0.022 0.020 0.088 0.069 0.006 0.046 0.032
-0.067 0.120 -0.073 -0.134 0.046 -0.019 0.038 0.087 -0.133 0.065 -0.022 -0.058 0.023 -0.050 0.025 0.159 -0.169 -0.033 -0.157 -0.013 -0.097 -0.060 -0.004 0.019 0.025 0.080 -0.032 -0.004 0.054 0.048
-0.029 0.074 -0.048 -0.126 0.015 -0.084 0.015 0.045 -0.141 0.004 -0.044 -0.028 0.031 -0.052 0.035 0.167 -0.187 -0.038 -0.142 -0.013 -0.161 -0.109 -0.046 -0.007 0.009 0.078 0.080 0.009 0.050 0.048
-0.034 0.073 -0.051 -0.138 0.001 -0.096 0.018 0.037 -0.139 -0.049 -0.022 -0.022 0.011 -0.048 0.038 0.138 -0.163 -0.008 -0.126 -0.025 -0.170 -0.124 -0.054 -0.039 -0.011 0.063 0.114 0.022 0.037 0.041
-0.043 0.100 -0.057 -0.139 0.022 -0.085 0.020 0.034 -0.143 -0.011 -0.029 -0.026 0.016 -0.044 0.046 0.153 -0.182 -0.006 -0.140 -0.002 -0.168 -0.134 -0.047 -0.030 0.019 0.074 0.070 0.014 0.054 0.038
-0.045 0.079 -0.071 -0.138 -0.006 -0.084 0.032 0.043 -0.145 -0.026 -0.013 -0.049 0.001 -0.036 0.043 0.146 -0.180 -0.008 -0.134 -0.034 -0.183 -0.111 -0.057 -0.014 -0.010 0.053 0.085 0.015 0.036 0.051
-0.030 0.078 -0.044 -0.137 0.019 -0.087 0.020 0.039 -0.139 -0.028 -0.031 -0.014 0.025 -0.044 0.041 0.149 -0.169 -0.015 -0.137 -0.008 -0.177 -0.118 -0.050 -0.040 0.003 0.067 0.096 0.018 0.044 0.040
-0.053 -0.029 0.028 -0.078 -0.011 -0.043 -0.001 0.076 -0.028 -0.162 0.060 -0.000 -0.002 -0.033 -0.021 0.026 0.052 0.027 -0.050 -0.045 -0.106 0.019 -0.087 -0.112 -0.101 0.017 0.175 0.025 -0.122 -0.053
-0.012 0.051 -0.025 -0.127 0.039 -0.084 0.002 0.029 -0.135 -0.014 -0.054 -0.024 0.041 -0.070 0.010 0.169 -0.176 -0.024 -0.139 -0.027 -0.149 -0.102 -0.030 -0.032 0.007 0.092 0.093 0.025 0.046 0.054
-0.019 0.061 -0.033 -0.123 0.031 -0.090 0.009 0.026 -0.133 -0.002 -0.048 -0.030 0.038 -0.060 0.016 0.174 -0.179 -0.023 -0.145 -0.018 -0.157 -0.108 -0.039 -0.029 0.011 0.088 0.078 0.019 0.047 0.048
-0.028 0.067 -0.041 -0.124 0.018 -0.097 0.016 0.032 -0.135 0.002 -0.038 -0.034 0.034 -0.047 0.032 0.171 -0.191 -0.026 -0.147 -0.015 -0.171 -0.114 -0.052 -0.021 0.007 0.077 0.085 0.007 0.040 0.041
-0.041 0.086 -0.063 -0.130 0.019 -0.095 0.020 0.023 -0.144 0.021 -0.040 -0.041 0.022 -0.042 0.038 0.165 -0.205 -0.013 -0.149 -0.006 -0.165 -0.130 -0.040 -0.022 0.026 0.072 0.043 0.003 0.062 0.053
-0.037 0.093 -0.045 -0.118 0.027 -0.108 0.025 0.011 -0.136 0.038 -0.041 -0.024 0.032 -0.048 0.035 0.174 -0.197 -0.011 -0.155 0.019 -0.158 -0.146 -0.039 -0.034 0.040 0.088 0.030 0.002 0.065 0.027
-0.020 0.099 -0.017 -0.101 0.054 -0.111 0.013 0.008 -0.128 0.059 -0.068 0.004 0.057 -0.061 0.032 0.185 -0.205 -0.020 -0.156 0.045 -0.136 -0.151 -0.014 -0.034 0.067 0.103 0.014 0.006 0.082 0.022
-0.034 0.111 -0.088 -0.091 0.001 -0.090 0.042 -0.052 -0.119 0.081 -0.041 -0.058 0.004 -0.038 0.021 0.146 -0.219 -0.009 -0.145 0.012 -0.135 -0.148 -0.007 -0.005 0.053 0.063 -0.042 0.002 0.106 0.063
-0.030 0.120 -0.076 -0.049 0.032 -0.086 0.032 -0.057 -0.117 0.129 -0.070 -0.043 0.027 -0.048 0.040 0.159 -0.222 -0.026 -0.134 0.040 -0.097 -0.162 -0.005 0.003 0.076 0.067 -0.061 -0.011 0.108 0.037
-0.018 0.108 -0.085 -0.055 0.012 -0.117 0.013 -0.123 -0.092 0.086 -0.038 -0.025 0.007 -0.030 0.021 0.130 -0.217 0.018 -0.099 0.038 -0.110 -0.201 -0.012 -0.054 0.082 0.049 -0.041 -0.006 0.106 0.035
-0.030 0.134 -0.060 -0.068 0.037 -0.102 0.012 -0.101 -0.098 0.093 -0.057 -0.030 0.011 -0.050 0.017 0.149 -0.203 0.019 -0.112 0.052 -0.093 -0.183 -0.009 -0.063 0.088 0.091 -0.056 -0.008 0.108 0.011
0.004 0.115 -0.072 -0.026 0.023 -0.105 -0.008 -0.128 -0.059 0.085 -0.043 0.039 -0.008 -0.017 0.039 0.061 -0.153 0.018 -0.039 0.058 -0.024 -0.220 -0.015 -0.043 0.099 0.034 -0.057 -0.023 0.081 0.003
0.008 0.100 -0.054 -0.006 0.049 0.003 -0.061 -0.136 -0.049 0.159 -0.063 0.006 -0.013 -0.038 0.017 0.030 -0.113 0.017 -0.016 0.048 0.084 -0.177 0.041 -0.030 0.128 0.079 -0.118 -0.045 0.107 0.056
0.037 0.038 -0.051 0.015 -0.005 -0.084 -0.054 -0.199 -0.017 0.048 0.005 -0.036 -0.043 -0.046 -0.033 0.005 -0.139 0.072 0.001 -0.026 -0.030 -0.191 0.003 -0.056 0.074 0.033 -0.035 -0.003 0.072 0.058
0.016 0.054 -0.048 -0.002 0.015 -0.061 -0.090 -0.206 -0.012 0.076 0.001 -0.043 -0.063 -0.073 -0.060 0.010 -0.146 0.072 0.006 -0.032 0.007 -0.185 -0.003 -0.066 0.091 0.057 -0.041 -0.025 0.069 0.066
0.051 -0.094 0.003 0.098 -0.085 0.019 0.008 -0.081 0.039 0.072 -0.014 -0.023 -0.023 0.058 0.030 -0.070 0.005 -0.054 0.095 -0.041 0.034 0.035 -0.009 0.152 -0.048 -0.128 0.007 0.002 -0.022 0.042
0.023 -0.013 0.048 -0.035 -0.037 -0.179 -0.025 -0.115 -0.058 -0.096 -0.041 0.080 0.046 -0.021 0.036 0.072 -0.094 0.008 -0.037 -0.005 -0.180 -0.148 -0.074 -0.095 -0.009 0.014 0.188 0.030 -0.026 -0.017
0.007 0.002 -0.018 -0.068 -0.071 -0.160 0.003 -0.116 -0.087 -0.093 -0.019 0.028 0.009 -0.007 0.041 0.062 -0.120 0.026 -0.057 -0.043 -0.188 -0.153 -0.072 -0.073 -0.032 -0.008 0.185 0.021 -0.023 0.025
-0.021 -0.017 0.079 0.092 -0.025 -0.050 0.084 0.028 0.047 -0.013 0.020 0.173 -0.004 0.078 0.154 -0.058 0.170 -0.087 0.041 0.157 -0.022 -0.021 -0.024 0.085 -0.039 -0.098 0.049 0.014 -0.076 -0.146
0.000 -0.023 0.165 0.151 0.015 -0.086 -0.008 -0.045 0.055 0.090 -0.056 0.119 0.108 0.007 0.071 0.008 0.074 -0.103 0.020 0.126 -0.013 -0.016 -0.082 0.076 0.037 -0.023 0.026 -0.026 -0.149 -0.161
0.050 -0.014 0.163 0.103 0.070 -0.138 -0.121 -0.161 0.026 0.057 -0.082 -0.005 0.143 -0.093 -0.056 0.125 -0.106 -0.029 -0.031 0.022 -0.076 -0.104 -0.103 -0.073 0.089 0.084 0.091 0.008 -0.098 -0.086
0.040 -0.015 0.202 0.144 0.077 -0.112 -0.080 -0.071 0.079 0.041 -0.062 0.069 0.153 -0.062 -0.038 0.071 0.048 -0.059 -0.006 0.107 -0.017 -0.019 -0.081 -0.049 0.056 0.060 0.051 -0.001 -0.130 -0.169
0.084 -0.063 0.166 0.055 0.037 -0.160 -0.081 -0.149 0.011 -0.062 -0.114 0.095 0.112 -0.024 -0.022 0.102 -0.073 -0.028 0.026 0.036 -0.115 -0.068 -0.041 -0.061 0.038 0.021 0.185 0.088 -0.002 -0.046
0.079 0.015 -0.034 0.028 0.003 0.058 0.089 -0.014 -0.022 0.124 -0.147 0.041 -0.018 0.044 0.063 0.009 -0.047 -0.133 -0.047 0.035 0.042 -0.013 0.070 0.158 0.048 -0.024 -0.077 0.051 0.124 0.131
-0.019 0.093 -0.042 -0.002 0.015 -0.003 0.141 0.064 -0.062 0.119 -0.111 0.134 0.016 0.076 0.181 0.033 -0.034 -0.115 -0.113 0.168 -0.020 -0.078 0.026 0.146 0.038 -0.013 -0.104 -0.004 0.134 0.004
-0.037 0.121 -0.097 -0.082 0.024 0.041 0.046 0.023 -0.082 0.162 -0.102 0.003 -0.003 0.017 0.080 0.087 -0.136 -0.058 -0.130 0.064 0.013 -0.060 0.036 0.109 0.087 0.055 -0.159 -0.033 0.125 0.087
0.017 0.034 -0.151 -0.005 -0.085 0.011 0.041 -0.100 0.001 0.079 0.011 -0.027 -0.116 0.069 0.075 -0.085 -0.051 0.012 0.028 -0.017 0.007 -0.143 -0.003 0.067 0.030 -0.094 -0.055 -0.035 0.082 0.086
-0.039 0.140 -0.130 -0.115 -0.019 -0.083 0.039 -0.088 -0.102 0.042 -0.008 -0.054 -0.055 -0.002 0.014 0.084 -0.193 0.051 -0.103 -0.002 -0.112 -0.175 -0.000 -0.049 0.062 0.024 -0.064 -0.002 0.121 0.080
-0.039 0.147 -0.109 -0.093 0.004 -0.085 0.009 -0.113 -0.080 0.069 -0.012 -0.048 -0.045 -0.013 0.005 0.086 -0.175 0.060 -0.096 0.027 -0.095 -0.198 -0.000 -0.080 0.079 0.041 -0.071 -0.008 0.119 0.050
-0.025 0.140 -0.092 -0.079 0.001 -0.105 0.010 -0.115 -0.071 0.058 -0.016 -0.005 -0.040 0.005 0.021 0.075 -0.155 0.060 -0.078 0.051 -0.096 -0.216 -0.007 -0.085 0.095 0.042 -0.060 -0.008 0.119 0.028
-0.068 0.133 -0.104 -0.122 -0.012 -0.103 0.045 -0.040 -0.135 0.012 0.002 -0.043 -0.031 -0.023 0.039 0.127 -0.193 0.031 -0.132 0.008 -0.163 -0.186 -0.049 -0.038 0.034 0.039 0.017 0.001 0.075 0.042
-0.010 0.077 0.016 0.021 0.008 -0.163 -0.010 -0.156 -0.002 0.031 -0.027 0.040 -0.013 -0.017 0.025 0.055 -0.106 0.048 -0.047 0.101 -0.059 -0.224 -0.037 -0.090 0.107 0.040 0.010 0.005 0.084 -0.053
0.075 0.056 -0.005 -0.007 -0.032 -0.132 0.079 -0.178 0.006 -0.025 -0.085 -0.015 -0.021 0.008 0.005 0.113 -0.110 -0.010 -0.025 0.014 -0.147 -0.079 0.030 -0.069 0.055 0.023 0.029 0.142 0.151 0.054
-0.100 -0.004 -0.124 0.020 -0.183 -0.041 0.126 0.015 -0.035 -0.087 0.114 -0.083 -0.092 0.079 0.121 -0.100 0.002 0.009 0.009 -0.102 -0.111 -0.032 -0.190 0.072 -0.113 -0.134 0.113 -0.110 -0.165 -0.026
-0.109 -0.007 -0.156 -0.044 -0.194 -0.040 0.123 0.040 -0.062 -0.129 0.123 -0.033 -0.122 0.109 0.147 -0.115 -0.011 0.019 0.022 -0.094 -0.123 -0.051 -0.156 0.067 -0.141 -0.140 0.135 -0.094 -0.104 -0.010
-0.099 0.015 -0.172 -0.085 -0.198 -0.027 0.154 0.061 -0.085 -0.165 0.075 0.024 -0.135 0.097 0.158 -0.093 0.016 0.008 0.007 -0.078 -0.145 -0.047 -0.120 0.052 -0.133 -0.127 0.163 -0.041 -0.031 0.037
-0.095 -0.024 -0.121 -0.062 -0.183 -0.031 0.139 0.065 -0.050 -0.184 0.104 0.034 -0.113 0.093 0.139 -0.126 0.045 0.001 0.021 -0.077 -0.131 -0.031 -0.123 0.020 -0.177 -0.126 0.195 -0.047 -0.074 -0.010
0.065 -0.065 0.120 0.052 -0.019 -0.165 -0.103 -0.205 0.028 -0.069 -0.019 0.024 0.044 -0.054 -0.100 0.027 -0.032 0.038 0.049 -0.023 -0.107 -0.122 -0.064 -0.149 0.010 0.031 0.163 0.074 -0.059 -0.065
0.068 -0.072 0.126 0.049 -0.014 -0.163 -0.098 -0.199 0.029 -0.075 -0.030 0.031 0.054 -0.055 -0.098 0.032 -0.032 0.026 0.048 -0.028 -0.109 -0.115 -0.061 -0.147 0.002 0.031 0.174 0.086 -0.056 -0.059
0.022 -0.060 0.059 -0.036 -0.065 -0.137 -0.033 -0.094 -0.026 -0.149 0.020 0.064 0.000 -0.003 0.010 0.021 -0.045 0.031 0.064 -0.031 -0.165 -0.131 -0.088 -0.155 -0.048 -0.034 0.236 0.048 -0.038 -0.038
-0.020 -0.050 -0.048 -0.058 -0.113 -0.104 0.025 -0.048 -0.049 -0.177 0.081 0.065 -0.058 0.078 0.084 -0.056 -0.026 0.058 0.085 -0.047 -0.154 -0.138 -0.101 -0.105 -0.077 -0.092 0.210 -0.004 -0.019 -0.029
0.084 -0.000 0.105 -0.039 0.030 -0.133 -0.089 -0.132 -0.011 -0.075 -0.056 0.115 0.022 -0.051 -0.061 0.073 -0.075 0.025 0.029 -0.013 -0.096 -0.166 -0.004 -0.184 0.050 0.044 0.162 0.096 0.079 0.020
0.070 -0.032 0.111 0.063 -0.017 -0.162 -0.105 -0.191 0.036 -0.040 -0.021 0.048 0.028 -0.046 -0.074 0.030 -0.056 0.032 0.052 0.013 -0.082 -0.155 -0.048 -0.142 0.047 0.020 0.143 0.060 -0.013 -0.040
0.061 -0.028 0.104 0.047 -0.021 -0.168 -0.105 -0.171 0.022 -0.060 -0.014 0.053 0.025 -0.036 -0.063 0.031 -0.067 0.032 0.041 0.015 -0.097 -0.163 -0.059 -0.151 0.044 0.018 0.163 0.058 -0.008 -0.048
0.052 -0.030 0.105 0.032 -0.023 -0.172 -0.098 -0.148 0.007 -0.085 -0.010 0.063 0.022 -0.033 -0.048 0.044 -0.067 0.028 0.030 0.016 -0.111 -0.164 -0.068 -0.162 0.032 0.019 0.189 0.060 -0.011 -0.057
0.055 -0.040 0.113 0.020 -0.021 -0.161 -0.102 -0.134 -0.003 -0.093 -0.014 0.066 0.022 -0.036 -0.045 0.051 -0.067 0.018 0.034 0.001 -0.105 -0.157 -0.065 -0.164 0.023 0.018 0.209 0.059 -0.013 -0.055
0.023 -0.013 0.128 0.161 0.020 -0.028 0.052 0.069 0.068 0.141 -0.117 0.120 0.129 0.030 0.133 0.009 0.072 -0.185 0.005 0.170 0.025 0.043 -0.019 0.182 0.036 -0.056 -0.037 -0.003 -0.026 -0.113
0.025 -0.068 0.181 0.128 -0.018 -0.115 -0.035 -0.037 0.074 -0.041 -0.039 0.117 0.111 0.011 0.020 0.007 0.069 -0.095 0.060 0.068 -0.067 0.002 -0.123 -0.011 -0.008 -0.032 0.133 0.001 -0.142 -0.156
0.064 -0.032 0.103 -0.064 0.020 -0.119 -0.006 -0.049 -0.028 -0.128 -0.114 0.167 0.052 0.016 0.051 0.085 -0.037 -0.046 0.042 0.060 -0.117 -0.081 0.002 -0.068 0.007 0.004 0.164 0.099 0.090 0.003
0.056 -0.070 0.145 0.014 0.002 -0.148 -0.017 -0.061 0.000 -0.142 -0.076 0.166 0.089 0.032 0.041 0.056 0.013 -0.042 0.076 0.050 -0.107 -0.060 -0.039 -0.064 -0.013 -0.040 0.197 0.076 0.003 -0.069
0.067 -0.076 0.188 0.063 0.030 -0.155 -0.050 -0.071 0.030 -0.086 -0.105 0.127 0.148 0.003 0.002 0.084 -0.023 -0.075 0.058 0.048 -0.094 -0.043 -0.063 -0.054 0.014 -0.013 0.177 0.066 -0.047 -0.091
0.088 -0.104 0.182 0.076 0.012 -0.152 -0.101 -0.138 0.046 -0.080 -0.066 0.083 0.122 -0.051 -0.088 0.070 0.011 -0.017 0.080 0.000 -0.093 -0.046 -0.053 -0.120 -0.007 0.016 0.185 0.100 -0.078 -0.081
-0.042 0.164 -0.075 -0.096 0.012 -0.110 0.104 0.061 -0.125 0.062 -0.060 0.072 0.009 0.022 0.146 0.121 -0.122 -0.025 -0.135 0.125 -0.150 -0.165 -0.008 0.019 0.056 0.018 -0.034 0.002 0.114 -0.016
-0.062 0.128 -0.079 -0.128 -0.010 -0.107 0.113 0.108 -0.128 -0.006 -0.012 0.072 -0.022 0.039 0.161 0.097 -0.097 -0.014 -0.130 0.093 -0.181 -0.134 -0.025 0.012 0.004 0.005 0.038 0.012 0.091 -0.015
-0.053 0.120 -0.133 -0.051 -0.080 -0.112 0.138 0.011 -0.090 0.010 0.011 0.099 -0.075 0.106 0.207 -0.018 -0.060 0.009 -0.039 0.108 -0.136 -0.159 -0.055 0.054 0.005 -0.082 -0.007 -0.038 0.096 -0.023
0.096 -0.090 0.155 0.028 -0.002 -0.138 -0.066 -0.148 0.011 -0.112 -0.094 0.126 0.084 -0.005 -0.037 0.036 0.027 -0.006 0.103 0.015 -0.068 -0.063 -0.000 -0.089 0.010 -0.015 0.189 0.119 0.000 -0.047
