-0.140 0.034 -0.155 -0.112 -0.123 -0.041 0.106 0.135 -0.133 -0.084 0.101 -0.081 -0.065 0.056 0.109 0.014 -0.088 0.016 -0.089 -0.076 -0.178 -0.040 -0.143 0.049 -0.114 -0.073 0.115 -0.088 -0.096 -0.001
-0.137 -0.009 -0.122 -0.012 -0.144 0.017 0.118 0.122 -0.004 -0.115 0.170 -0.007 -0.090 0.132 0.136 -0.153 0.089 0.049 0.037 -0.021 -0.055 0.049 -0.125 0.058 -0.118 -0.138 0.048 -0.121 -0.135 -0.089
-0.132 0.019 -0.083 -0.027 -0.065 0.049 0.115 0.184 0.006 -0.089 0.158 0.013 -0.068 0.096 0.117 -0.128 0.137 0.040 -0.013 0.030 -0.022 0.098 -0.065 0.034 -0.093 -0.080 -0.018 -0.084 -0.112 -0.101
-0.132 0.050 -0.155 -0.112 -0.098 -0.032 0.116 0.147 -0.144 -0.041 0.078 -0.101 -0.050 0.040 0.099 0.044 -0.107 -0.006 -0.122 -0.070 -0.171 -0.022 -0.113 0.074 -0.103 -0.056 0.067 -0.068 -0.066 0.020
-0.064 0.108 -0.101 -0.147 -0.031 -0.091 0.107 0.075 -0.143 -0.036 -0.007 0.038 -0.033 0.026 0.137 0.090 -0.130 -0.014 -0.120 0.050 -0.187 -0.136 -0.022 0.009 -0.009 0.001 0.052 0.005 0.098 0.033
-0.060 0.038 -0.051 -0.143 -0.012 -0.081 0.036 0.086 -0.139 -0.070 -0.001 -0.010 0.000 -0.031 0.060 0.116 -0.113 -0.010 -0.120 -0.023 -0.183 -0.090 -0.070 -0.039 -0.052 0.032 0.144 0.009 -0.008 0.019
-0.049 0.076 -0.067 -0.144 -0.000 -0.087 0.047 0.060 -0.149 -0.021 -0.029 -0.021 0.004 -0.035 0.064 0.140 -0.166 -0.019 -0.138 -0.007 -0.176 -0.115 -0.036 -0.020 -0.017 0.045 0.081 0.013 0.055 0.047
-0.042 0.100 -0.047 -0.067 -0.017 -0.116 0.092 0.038 -0.082 -0.005 -0.017 0.159 -0.030 0.081 0.206 0.027 -0.049 -0.016 -0.041 0.149 -0.127 -0.175 -0.008 0.022 0.042 -0.036 0.028 -0.009 0.113 -0.038
-0.040 -0.019 -0.122 0.021 -0.145 0.033 0.144 0.056 -0.020 -0.011 0.052 0.010 -0.095 0.150 0.165 -0.126 0.035 -0.032 0.049 -0.005 -0.035 0.029 -0.037 0.184 -0.084 -0.182 0.007 -0.047 0.010 0.022
-0.034 0.088 -0.045 -0.122 0.027 -0.096 0.008 0.014 -0.136 0.013 -0.049 -0.025 0.031 -0.057 0.038 0.165 -0.203 -0.020 -0.134 -0.000 -0.156 -0.139 -0.038 -0.038 0.026 0.084 0.061 0.005 0.066 0.042
-0.031 0.090 -0.023 -0.034 -0.002 -0.086 0.098 0.052 -0.049 0.015 -0.020 0.195 -0.026 0.094 0.221 -0.008 0.014 -0.027 -0.018 0.187 -0.074 -0.138 0.022 0.046 0.052 -0.053 -0.008 -0.004 0.114 -0.058
-0.027 0.131 -0.096 -0.063 -0.006 -0.124 0.043 -0.106 -0.067 0.048 -0.007 -0.025 -0.036 0.007 0.036 0.082 -0.165 0.048 -0.083 0.055 -0.130 -0.206 -0.003 -0.047 0.071 0.023 -0.070 -0.003 0.110 0.037
-0.026 0.064 -0.027 -0.131 0.025 -0.100 0.007 0.026 -0.132 -0.026 -0.044 -0.002 0.027 -0.056 0.039 0.156 -0.172 -0.018 -0.123 -0.004 -0.167 -0.125 -0.039 -0.054 0.008 0.077 0.102 0.024 0.055 0.035
-0.017 0.110 -0.065 -0.054 -0.003 -0.149 -0.002 -0.127 -0.064 0.034 -0.004 -0.041 -0.011 -0.022 -0.001 0.101 -0.190 0.051 -0.077 0.026 -0.143 -0.213 -0.034 -0.077 0.069 0.045 -0.014 -0.006 0.074 0.019
0.012 0.079 -0.131 -0.065 0.006 0.057 -0.016 -0.118 -0.035 0.106 -0.043 -0.057 -0.095 -0.013 -0.029 0.004 -0.107 0.046 0.003 -0.028 0.066 -0.121 0.086 -0.018 0.076 0.022 -0.132 -0.002 0.165 0.141
0.014 0.073 -0.132 -0.069 0.007 0.069 -0.018 -0.121 -0.024 0.092 -0.037 -0.057 -0.102 -0.014 -0.043 -0.007 -0.088 0.056 0.011 -0.034 0.080 -0.107 0.097 -0.033 0.071 0.021 -0.135 0.005 0.168 0.146
0.015 0.072 -0.121 -0.057 0.009 0.044 -0.036 -0.141 -0.020 0.100 -0.032 -0.058 -0.096 -0.020 -0.047 -0.005 -0.103 0.062 0.016 -0.031 0.072 -0.133 0.075 -0.043 0.081 0.025 -0.120 -0.008 0.149 0.126
0.018 0.070 -0.126 -0.064 0.011 0.072 -0.021 -0.119 -0.023 0.101 -0.042 -0.049 -0.100 -0.013 -0.036 -0.010 -0.083 0.050 0.016 -0.027 0.089 -0.106 0.099 -0.028 0.075 0.020 -0.137 0.003 0.168 0.142
0.020 0.071 -0.118 -0.053 0.015 0.059 -0.027 -0.123 -0.028 0.118 -0.048 -0.043 -0.091 -0.012 -0.022 -0.004 -0.099 0.040 0.016 -0.018 0.085 -0.121 0.085 -0.014 0.085 0.021 -0.131 -0.005 0.160 0.131
0.020 -0.026 0.168 0.051 0.071 -0.057 -0.005 0.065 0.073 -0.076 -0.019 0.159 0.081 -0.024 0.024 0.002 0.166 -0.045 -0.008 0.140 -0.025 0.031 -0.022 -0.084 -0.013 0.021 0.076 0.060 -0.085 -0.159
0.022 -0.028 0.035 -0.114 0.002 -0.091 -0.017 -0.005 -0.072 -0.151 -0.026 0.058 0.002 -0.044 -0.007 0.094 -0.045 0.012 -0.033 -0.030 -0.156 -0.070 -0.021 -0.121 -0.043 0.041 0.205 0.094 0.027 0.024
0.023 -0.028 -0.085 -0.083 0.005 0.136 -0.114 -0.103 0.033 -0.029 0.022 -0.081 -0.105 -0.050 -0.178 -0.068 0.005 0.116 0.087 -0.141 0.181 0.008 0.101 -0.122 0.018 0.047 -0.031 0.009 0.090 0.140
0.024 0.052 0.071 0.015 0.030 -0.174 -0.005 -0.085 -0.002 -0.026 -0.025 0.173 0.029 0.024 0.090 0.034 -0.006 0.021 -0.000 0.162 -0.092 -0.178 -0.010 -0.089 0.087 0.016 0.042 0.029 0.058 -0.096
0.030 -0.030 -0.088 -0.082 0.001 0.155 -0.043 -0.045 -0.016 -0.008 -0.019 -0.109 -0.066 -0.004 -0.142 -0.009 -0.026 0.064 0.050 -0.151 0.119 0.098 0.155 -0.019 -0.003 0.030 -0.123 0.063 0.142 0.184
0.031 -0.054 -0.075 -0.079 -0.011 0.138 -0.057 -0.065 0.047 -0.093 0.050 -0.077 -0.099 -0.010 -0.181 -0.079 0.058 0.127 0.090 -0.154 0.137 0.095 0.143 -0.106 -0.024 0.012 -0.067 0.065 0.102 0.148
0.032 0.055 0.049 0.077 0.040 -0.095 0.002 -0.097 0.047 0.093 -0.033 0.133 0.014 0.041 0.092 -0.028 0.029 0.003 0.026 0.173 0.032 -0.139 0.017 -0.014 0.113 -0.015 -0.074 -0.020 0.050 -0.090
0.032 0.065 0.063 0.067 0.047 -0.144 -0.039 -0.131 0.034 0.068 -0.022 0.106 0.035 0.007 0.046 0.016 -0.031 0.031 0.009 0.153 -0.017 -0.181 -0.013 -0.071 0.126 0.025 -0.040 -0.018 0.036 -0.096
0.036 0.109 0.083 0.036 0.135 -0.032 0.013 0.005 0.005 0.164 -0.119 0.158 0.079 -0.004 0.117 0.058 -0.009 -0.070 -0.042 0.224 0.073 -0.096 0.085 0.040 0.166 0.074 -0.147 -0.000 0.122 -0.050
0.044 -0.004 -0.095 -0.049 0.001 0.097 -0.068 -0.152 0.061 -0.011 0.028 -0.054 -0.124 -0.023 -0.147 -0.100 0.042 0.124 0.086 -0.078 0.153 -0.026 0.111 -0.122 0.028 0.001 -0.080 0.031 0.113 0.124
0.046 0.042 -0.030 0.055 0.006 -0.027 0.030 -0.110 0.037 0.101 -0.035 0.079 -0.047 0.054 0.085 -0.061 0.021 0.002 0.041 0.118 0.056 -0.108 0.065 0.032 0.085 -0.058 -0.105 0.005 0.106 0.004
0.053 -0.023 0.171 0.078 0.118 -0.020 -0.143 -0.013 0.056 0.048 -0.077 -0.028 0.139 -0.136 -0.125 0.109 -0.007 -0.050 -0.030 0.012 0.039 0.036 -0.058 -0.079 0.044 0.135 0.070 -0.004 -0.123 -0.081
0.053 -0.009 0.131 0.122 0.016 -0.144 -0.027 -0.111 0.077 0.016 -0.021 0.145 0.055 0.020 0.048 -0.020 0.066 -0.007 0.054 0.143 -0.013 -0.106 -0.042 -0.046 0.066 -0.016 0.036 0.009 -0.036 -0.146
0.053 -0.094 0.091 0.156 -0.031 -0.003 -0.015 -0.022 0.045 0.077 -0.051 -0.065 0.095 -0.001 -0.030 0.015 0.013 -0.110 0.023 -0.059 0.004 0.126 -0.045 0.148 -0.046 -0.047 0.002 0.003 -0.125 -0.017
0.054 -0.094 0.088 0.153 -0.031 0.000 -0.015 -0.021 0.042 0.078 -0.052 -0.069 0.093 -0.001 -0.033 0.017 0.009 -0.109 0.022 -0.065 0.004 0.129 -0.042 0.150 -0.046 -0.046 -0.002 0.005 -0.121 -0.011
0.054 -0.095 0.087 0.153 -0.033 -0.002 -0.015 -0.023 0.041 0.077 -0.052 -0.069 0.093 -0.001 -0.032 0.017 0.007 -0.109 0.022 -0.065 0.002 0.126 -0.044 0.149 -0.047 -0.047 0.001 0.005 -0.122 -0.011
0.055 -0.094 0.092 0.157 -0.033 -0.007 -0.014 -0.026 0.046 0.076 -0.052 -0.063 0.095 -0.000 -0.029 0.014 0.013 -0.110 0.023 -0.058 0.002 0.122 -0.046 0.147 -0.046 -0.049 0.004 0.004 -0.124 -0.017
0.058 -0.094 0.094 0.158 -0.030 -0.005 -0.016 -0.027 0.047 0.079 -0.055 -0.062 0.096 -0.002 -0.031 0.015 0.012 -0.110 0.024 -0.057 0.005 0.122 -0.044 0.147 -0.043 -0.046 0.002 0.005 -0.122 -0.016
0.059 -0.018 0.141 0.066 0.016 -0.171 -0.043 -0.121 0.050 -0.070 -0.023 0.162 0.051 -0.000 0.019 0.014 0.047 0.015 0.048 0.116 -0.070 -0.121 -0.037 -0.117 0.051 0.009 0.110 0.056 -0.013 -0.124
0.059 -0.084 0.086 -0.050 -0.031 -0.112 -0.046 -0.079 -0.018 -0.187 -0.026 0.100 0.004 -0.023 -0.027 0.048 -0.003 0.020 0.050 -0.036 -0.132 -0.062 -0.026 -0.132 -0.047 0.004 0.245 0.113 0.009 0.000
0.061 -0.020 0.095 0.124 0.035 0.058 0.060 0.035 0.063 0.135 -0.099 0.113 0.068 0.058 0.115 -0.046 0.103 -0.133 0.033 0.131 0.110 0.078 0.075 0.187 0.044 -0.053 -0.105 0.009 0.038 -0.044
0.062 -0.100 0.095 -0.020 -0.046 -0.120 -0.057 -0.101 -0.002 -0.182 -0.021 0.091 0.009 -0.020 -0.037 0.037 0.001 0.017 0.067 -0.046 -0.122 -0.060 -0.045 -0.123 -0.051 -0.009 0.255 0.103 -0.017 -0.012
0.063 -0.031 0.136 0.104 0.000 -0.168 -0.052 -0.147 0.071 -0.041 -0.011 0.120 0.051 -0.003 -0.003 -0.003 0.044 0.014 0.062 0.095 -0.047 -0.113 -0.057 -0.099 0.045 -0.006 0.095 0.032 -0.049 -0.128
0.064 -0.036 0.146 0.083 0.003 -0.169 -0.050 -0.135 0.060 -0.070 -0.019 0.142 0.053 -0.004 0.002 0.007 0.049 0.012 0.060 0.094 -0.063 -0.109 -0.050 -0.112 0.039 0.000 0.121 0.053 -0.035 -0.123
0.065 -0.026 0.147 0.104 0.011 -0.166 -0.053 -0.140 0.072 -0.035 -0.019 0.129 0.060 -0.007 -0.001 0.003 0.045 0.009 0.058 0.105 -0.044 -0.112 -0.054 -0.100 0.052 0.003 0.090 0.034 -0.046 -0.134
0.065 -0.013 0.081 0.137 0.005 -0.098 -0.030 -0.153 0.087 0.066 -0.016 0.075 0.023 0.016 0.019 -0.056 0.050 0.004 0.066 0.104 0.045 -0.094 -0.018 -0.010 0.076 -0.042 -0.019 -0.006 -0.021 -0.089
0.074 -0.118 -0.034 -0.021 -0.019 0.149 -0.069 -0.053 0.002 -0.018 -0.016 -0.127 -0.050 -0.009 -0.164 -0.037 -0.010 0.050 0.102 -0.215 0.122 0.154 0.129 0.038 -0.039 -0.002 -0.048 0.076 0.064 0.178
0.075 0.027 0.168 0.138 0.101 -0.030 -0.002 -0.010 0.086 0.144 -0.114 0.167 0.117 0.006 0.091 -0.002 0.075 -0.108 0.019 0.208 0.094 -0.015 0.042 0.077 0.118 0.022 -0.090 0.002 0.024 -0.119
0.079 -0.113 -0.027 0.022 -0.055 0.109 0.015 -0.039 0.010 -0.021 -0.013 -0.122 -0.033 0.030 -0.115 -0.035 0.004 0.009 0.074 -0.181 0.044 0.179 0.122 0.106 -0.072 -0.064 -0.077 0.103 0.060 0.161
0.080 0.020 0.182 0.149 0.100 -0.046 -0.015 -0.024 0.091 0.137 -0.113 0.162 0.126 -0.004 0.076 0.004 0.069 -0.106 0.022 0.201 0.083 -0.021 0.024 0.064 0.117 0.027 -0.071 0.001 0.005 -0.130
0.083 -0.038 0.191 0.158 0.075 -0.066 -0.138 -0.098 0.084 0.089 -0.092 -0.019 0.162 -0.097 -0.103 0.085 -0.034 -0.074 0.017 0.008 0.031 0.008 -0.081 -0.022 0.062 0.087 0.052 -0.021 -0.129 -0.093
0.096 0.033 0.227 0.134 0.161 -0.062 -0.097 -0.039 0.080 0.127 -0.147 0.104 0.189 -0.091 -0.028 0.101 -0.006 -0.107 -0.016 0.154 0.056 -0.028 -0.012 -0.022 0.141 0.132 -0.029 0.004 -0.028 -0.121
0.101 -0.005 0.201 0.168 0.121 -0.026 -0.119 -0.068 0.088 0.164 -0.132 0.009 0.185 -0.099 -0.072 0.089 -0.032 -0.106 0.004 0.065 0.086 0.023 -0.023 0.029 0.115 0.109 -0.037 -0.026 -0.072 -0.082
